120
75 2 2 3
95 2 4 5
64 2 5 6
17 2 7 8
47 2 8 9
82 2 9 10
18 2 11 12
35 2 12 13
87 2 13 14
10 2 14 15
20 2 16 17
4 2 17 18
82 2 18 19
47 2 19 20
65 2 20 21
19 2 22 23
1 2 23 24
23 2 24 25
75 2 25 26
3 2 26 27
34 2 27 28
88 2 29 30
2 2 30 31
77 2 31 32
73 2 32 33
7 2 33 34
63 2 34 35
67 2 35 36
99 2 37 38
65 2 38 39
4 2 39 40
28 2 40 41
6 2 41 42
16 2 42 43
70 2 43 44
92 2 44 45
41 2 46 47
41 2 47 48
26 2 48 49
56 2 49 50
83 2 50 51
40 2 51 52
80 2 52 53
70 2 53 54
33 2 54 55
41 2 56 57
48 2 57 58
72 2 58 59
33 2 59 60
47 2 60 61
32 2 61 62
37 2 62 63
16 2 63 64
94 2 64 65
29 2 65 66
53 2 67 68
71 2 68 69
44 2 69 70
65 2 70 71
25 2 71 72
43 2 72 73
91 2 73 74
52 2 74 75
97 2 75 76
51 2 76 77
14 2 77 78
70 2 79 80
11 2 80 81
33 2 81 82
28 2 82 83
77 2 83 84
73 2 84 85
17 2 85 86
78 2 86 87
39 2 87 88
68 2 88 89
17 2 89 90
57 2 90 91
91 2 92 93
71 2 93 94
52 2 94 95
38 2 95 96
17 2 96 97
14 2 97 98
91 2 98 99
43 2 99 100
58 2 100 101
50 2 101 102
27 2 102 103
29 2 103 104
48 2 104 105
63 2 106 107
66 2 107 108
4 2 108 109
68 2 109 110
89 2 110 111
53 2 111 112
67 2 112 113
30 2 113 114
73 2 114 115
16 2 115 116
69 2 116 117
87 2 117 118
40 2 118 119
31 2 119 120
4 0 
62 0 
98 0 
27 0 
23 0 
9 0 
70 0 
98 0 
73 0 
93 0 
38 0 
53 0 
60 0 
4 0 
23 0 
